3ijm_A 21,57,58,72,73,75
4esj_A 21,45,46,55,56,58
2xi5_A 21,62,63,74,75,77
3u44_B 21,134,135,150,151,153
3ot2_A 21,56,57,85,86,88
4g6v_A 21,48,49,56,57,59
3fhd_A 21,58,59,80,81,83
3dpg_A 21,106,107,157,158,160
1sa3_A 21,85,86,102,103,105
3l0a_A 21,91,92,100,101,103
3s1s_A 21,55,56,70,71,73
3ndh_A 21,49,50,57,58,60
3u44_A 21,115,116,127,128,130
4gps_A 21,51,52,61,62,64
4g6u_A 21,42,43,52,53,55
3jsb_B 21,59,60,71,72,74
1xmx_A 5,45,46,57,58,60
2e52_A 13,38,39,52,53,55
2ewf_A 38,76,77,88,89,91
2fkc_A 18,62,63,80,81,83
2gb7_A 11,46,47,65,66,68
2ixs_A 8,59,60,73,74,76
2ost_A 12,37,38,49,50,52
2p14_A 22,60,61,72,73,75
2vld_A 6,35,36,48,49,51
2w00_A 37,151,152,164,165,167
2w45_A 12,49,50,70,71,73
2w8m_A 28,79,80,96,97,99
2wcw_A 12,41,42,53,54,56
3bm3_A 11,44,45,63,64,66
3c0u_A 45,70,71,84,85,87
3dnx_A 17,44,45,57,58,60
3ebj_A 44,86,87,96,97,99
3fov_A 27,54,55,66,67,69
3fqg_A 13,64,65,101,102,104
3fqi_A 36,80,81,96,97,99
3h1t_A 30,77,78,91,92,94
3h4r_A 9,105,106,115,116,118
3hrl_A 8,37,38,47,48,50
3k93_A 12,44,45,54,55,57
d1avqa_ 87,121,122,130,131,133
d1azoa_ 53,67,68,73,74,76
d1bama_ 63,94,95,110,111,113
d1cfra_ 71,134,135,187,188,190
d1ckqa_ 21,75,76,94,95,97
d1d02a_ 19,78,79,92,93,95
d1dc1a_ 135,208,209,235,236,238
d1dfma_ 54,84,85,92,93,95
d1ev7a_ 61,77,78,85,86,88
d1fiua_ 70,140,141,184,185,187
d1gefa_ 9,33,34,45,46,48
d1hh1a_ 4,34,35,46,47,49
d1j23a_ *,34,35,43,44,46
d1knva_ 77,143,144,192,193,195
d1m0da_ 4,39,40,48,49,51
d1na6a2 93,121,122,143,144,146
d1ob8a_ 5,34,35,46,47,49
d1sdoa_ 62,119,120,127,128,130
d1sx5a_ 44,73,74,88,89,91
d1t0fa2 57,108,109,123,124,126
d1vsra_ 3,29,30,39,40,42
d1w36b3 58,169,170,181,182,184
d1w36c3 68,140,141,148,149,151
d1wdja_ 50,85,86,114,115,117
d1y0ka1 30,59,60,67,68,70
d1y1oa_ 4,56,57,68,69,71
d1y88a2 6,36,37,48,49,51
d2a1ia1 *,31,32,40,41,43
d2bgwa2 12,37,38,46,47,49
d2foka4 39,64,65,80,81,83
d2g3wa1 40,65,66,79,80,82
d2okfa1 5,36,37,54,55,57
d2ot9a1 42,67,68,81,82,84
d3pvia_ 38,57,58,66,67,69
PF01646 16,61,62,77,78,80
PF01930 38,57,58,67,68,70
PF02646 70,101,102,114,115,117
PF04411 4,71,72,87,88,90
PF04754 4,56,57,74,75,77
PF05626 11,43,44,55,56,58
PF06023 80,171,172,179,180,182
PF06054 68,95,96,104,105,107
PF06250 40,77,78,91,92,94
PF06356 21,66,67,79,80,82
PF07788 *,6,7,17,18,20
PF08011 3,33,34,45,46,48
PF08378 8,37,38,49,50,52
PF08634 28,71,72,83,84,86
PF08774 7,36,37,49,50,52
