1xmx_A 5,44,45,58,59,60
2e52_A 13,37,38,53,54,55
2ewf_A 38,75,76,89,90,91
2fkc_A 18,61,62,81,82,83
2gb7_A 11,45,46,66,67,68
2ixs_A 8,58,59,74,75,76
2ost_A 12,36,37,50,51,52
2p14_A 22,59,60,73,74,75
2vld_A 6,34,35,49,50,51
2w00_A 37,150,151,165,166,167
2w45_A 12,48,49,71,72,73
2wcw_A 12,40,41,54,55,56
3bm3_A 11,43,44,64,65,66
3c0u_A 45,69,70,85,86,87
3dnx_A 17,43,44,58,59,60
3EBJ_D 44,85,86,97,98,99
3fov_A 27,53,54,67,68,69
3fqg_A 13,63,64,101,102,103
3fqi_A 36,79,80,97,98,99
3h1t_A 30,76,77,92,93,94
3h4r_A 9,104,105,116,117,118
3hrl_A 8,37,38,49,50,51
3k93_A 12,43,44,55,56,57
d1avqa_ 87,120,121,131,132,133
d1azoa_ 53,66,67,74,75,76
d1bama_ 63,93,94,111,112,113
d1cfra_ 71,133,134,188,189,190
d1ckqa_ 21,74,75,95,96,97
d1d02a_ 19,77,78,93,94,95
d1dc1a_ 135,207,208,236,237,238
d1dfma_ 54,83,84,93,94,95
d1ev7a_ 61,76,77,86,87,88
d1fiua_ 70,139,140,185,186,187
d1gefa_ 9,32,33,46,47,48
d1hh1a_ 4,33,34,47,48,49
d1j23a_ 13,33,34,44,45,46
d1knva_ 77,142,143,193,194,195
d1m0da_ 4,38,39,49,50,51
d1na6a2 93,120,121,144,145,146
d1ob8a_ 5,33,34,47,48,49
d1sdoa_ 62,118,119,128,129,130
d1sx5a_ 44,72,73,89,90,91
d1t0fa2 57,107,108,124,125,126
d1vsra_ 3,28,29,40,41,42
d1w36b3 59,168,169,182,183,184
d1w36c3 68,139,140,149,150,151
d1wdja_ 50,84,85,115,116,117
d1y0ka1 30,58,59,68,69,70
d1y1oa_ 4,55,56,69,70,71
d1y88a2 6,35,36,49,50,51
d2a1ia1 12,30,31,41,42,43
d2bgwa2 12,36,37,47,48,49
d2foka4 39,63,64,81,82,83
d2g3wa1 40,64,65,80,81,82
d2okfa1 5,35,36,55,56,57
d2ot9a1 42,66,67,82,83,84
d3pvia_ 38,56,57,67,68,69
PF01646 16,64,65,86,87,88
PF01930 32,66,67,75,76,77
PF02646 73,107,108,122,123,124
PF04411 4,75,76,95,96,97
PF05626 269,301,302,315,316,317
PF06023 18,105,106,118,119,120
PF06054 170,97,98,111,112,113
PF06250 193,229,230,245,246,247
PF06356 17,58,59,73,74,75
PF07788 *,5,6,18,19,20
PF08011 3,34,35,51,52,53
PF08378 1,33,34,47,48,49
PF08774 *,25,26,39,40,41
